Row #	X	Y	XY-up	XY-down
1	0.719020783901215	0.926777780056	1.17296504974365	1.1730170249939
2	0.719105780124664	0.926777780056	1.1730170249939	1.17306911945343
3	0.719190716743469	0.926777780056	1.17306911945343	1.17312121391296
4	0.719275593757629	0.926777780056	1.17312121391296	1.1731733083725
5	0.719360530376434	0.926777780056	1.1731733083725	1.17322540283203
6	0.719445407390594	0.926777780056	1.17322528362274	1.17327737808228
7	0.71953022480011	0.926777780056	1.17327737808228	1.17332947254181
8	0.71961510181427	0.926777780056	1.17332935333252	1.17338144779205
9	0.719699919223785	0.926777780056	1.17338144779205	1.1734334230423
10	0.719784736633301	0.926777780056	1.1734334230423	1.17348551750183
11	0.719869554042816	0.926777780056	1.17348551750183	1.17353749275208
12	0.719954311847687	0.926777780056	1.17353749275208	1.17358946800232
13	0.720039129257202	0.926777780056	1.17358946800232	1.17364144325256
14	0.720123887062073	0.926777780056	1.17364144325256	1.17369341850281
15	0.720208644866943	0.926777780056	1.17369341850281	1.17374551296234
16	0.720293343067169	0.926777780056	1.17374551296234	1.17379748821259
17	0.720378041267395	0.926777780056	1.17379748821259	1.17384946346283
18	0.720462799072266	0.926777780056	1.17384946346283	1.17390143871307
19	0.720547497272491	0.926777780056	1.17390143871307	1.17395341396332
20	0.720632135868073	0.926777780056	1.17395341396332	1.17400538921356
21	0.720716774463654	0.926777780056	1.17400538921356	1.17405736446381
22	0.720801413059235	0.926777780056	1.17405736446381	1.17410933971405
23	0.720886051654816	0.926777780056	1.17410933971405	1.17416131496429
24	0.720970630645752	0.926777780056	1.17416131496429	1.17421317100525
25	0.721055269241333	0.926777780056	1.17421317100525	1.17426514625549
26	0.721139788627625	0.926777780056	1.17426514625549	1.17431712150574
27	0.721224367618561	0.926777780056	1.17431712150574	1.17436897754669
28	0.721308946609497	0.926777780056	1.17436897754669	1.17442095279694
29	0.721393406391144	0.926777780056	1.17442095279694	1.17447280883789
30	0.72147798538208	0.926777780056	1.17447280883789	1.17452478408813
31	0.721562445163727	0.926777780056	1.17452478408813	1.17457664012909
32	0.721646964550018	0.926777780056	1.17457664012909	1.17462849617004
33	0.72173148393631	0.926777780056	1.17462849617004	1.17468047142029
34	0.721815884113312	0.926777780056	1.17468047142029	1.17473232746124
35	0.721900343894959	0.926777780056	1.17473232746124	1.1747841835022
36	0.721984684467316	0.926777780056	1.1747841835022	1.17483615875244
37	0.722069144248962	0.926777780056	1.17483615875244	1.1748880147934
38	0.722153544425964	0.926777780056	1.1748880147934	1.17493975162506
39	0.722237944602966	0.926777780056	1.17493975162506	1.17499172687531
40	0.722322285175323	0.926777780056	1.17499172687531	1.17504358291626
41	0.722406625747681	0.926777780056	1.17504358291626	1.17509543895721
42	0.722490966320038	0.926777780056	1.17509543895721	1.17514729499817
43	0.72257524728775	0.926777780056	1.17514729499817	1.17519915103912
44	0.722659587860107	0.926777780056	1.17519915103912	1.17525088787079
45	0.72274386882782	0.926777780056	1.17525088787079	1.17530274391174
46	0.722828149795532	0.926777780056	1.17530274391174	1.1753545999527
47	0.7229123711586	0.926777780056	1.1753545999527	1.17540633678436
48	0.722996652126312	0.926777780056	1.17540633678436	1.17545819282532
49	0.723080813884735	0.926777780056	1.17545819282532	1.17550992965698
50	0.723165094852448	0.926777780056	1.17550992965698	1.17556190490723
51	0.72324925661087	0.926777780056	1.17556178569794	1.1756135225296
52	0.723333477973938	0.926777780056	1.1756135225296	1.17566537857056
53	0.723417639732361	0.926777780056	1.17566537857056	1.17571723461151
54	0.723501741886139	0.926777780056	1.17571723461151	1.17576897144318
55	0.723585903644562	0.926777780056	1.17576897144318	1.17582070827484
56	0.72367000579834	0.926777780056	1.17582070827484	1.17587244510651
57	0.723754107952118	0.926777780056	1.17587244510651	1.17592430114746
58	0.723838210105896	0.926777780056	1.17592430114746	1.17597603797913
59	0.723922252655029	0.926777780056	1.17597603797913	1.17602777481079
60	0.724006295204163	0.926777780056	1.17602777481079	1.17607951164246
61	0.724090337753296	0.926777780056	1.17607951164246	1.17613124847412
62	0.724174380302429	0.926777780056	1.17613124847412	1.17618298530579
63	0.724258422851563	0.926777780056	1.17618298530579	1.17623472213745
64	0.724342405796051	0.926777780056	1.17623472213745	1.17628633975983
65	0.72442638874054	0.926777780056	1.17628633975983	1.17633807659149
66	0.724510371685028	0.926777780056	1.17633807659149	1.17638981342316
67	0.724594354629517	0.926777780056	1.17638981342316	1.17644155025482
68	0.724678218364716	0.926777780056	1.17644155025482	1.1764931678772
69	0.724762141704559	0.926777780056	1.1764931678772	1.17654490470886
70	0.724846065044403	0.926777780056	1.17654490470886	1.17659664154053
71	0.724929988384247	0.926777780056	1.17659664154053	1.1766482591629
72	0.725013792514801	0.926777780056	1.1766482591629	1.17669987678528
73	0.725097715854645	0.926777780056	1.17669987678528	1.17675161361694
74	0.725181460380554	0.926777780056	1.17675161361694	1.17680335044861
75	0.725265383720398	0.926777780056	1.17680335044861	1.17685496807098
76	0.725349187850952	0.926777780056	1.17685496807098	1.17690658569336
77	0.725432932376862	0.926777780056	1.17690658569336	1.17695820331573
78	0.725516736507416	0.926777780056	1.17695820331573	1.1770099401474
79	0.725600481033325	0.926777780056	1.17700982093811	1.17706155776978
80	0.725684285163879	0.926777780056	1.17706155776978	1.17711317539215
81	0.725767970085144	0.926777780056	1.17711317539215	1.17716479301453
82	0.725851714611053	0.926777780056	1.17716479301453	1.1772164106369
83	0.725935399532318	0.926777780056	1.1772164106369	1.17726802825928
84	0.726019084453583	0.926777780056	1.17726802825928	1.17731964588165
85	0.726102769374847	0.926777780056	1.17731964588165	1.17737126350403
86	0.726186454296112	0.926777780056	1.17737126350403	1.17742276191711
87	0.726270079612732	0.926777780056	1.17742276191711	1.17747437953949
88	0.726353704929352	0.926777780056	1.17747437953949	1.17752599716187
89	0.726437270641327	0.926777780056	1.17752587795258	1.17757749557495
90	0.726520895957947	0.926777780056	1.17757749557495	1.17762911319733
91	0.726604461669922	0.926777780056	1.17762911319733	1.17768061161041
92	0.726688086986542	0.926777780056	1.17768061161041	1.17773222923279
93	0.726771593093872	0.926777780056	1.17773222923279	1.17778372764587
94	0.726855099201202	0.926777780056	1.17778372764587	1.17783534526825
95	0.726938664913177	0.926777780056	1.17783534526825	1.17788684368134
96	0.727022171020508	0.926777780056	1.17788684368134	1.17793846130371
97	0.727105677127838	0.926777780056	1.17793846130371	1.1779899597168
98	0.727189123630524	0.926777780056	1.1779899597168	1.17804145812988
99	0.727272570133209	0.926777780056	1.17804145812988	1.17809307575226
100	0.727356016635895	0.926777780056	1.17809295654297	1.17814457416534
101	0.72743946313858	0.926777780056	1.17814457416534	1.17819607257843
102	0.727522850036621	0.926777780056	1.17819595336914	1.17824745178223
103	0.727606236934662	0.926777780056	1.17824745178223	1.17829895019531
104	0.727689623832703	0.926777780056	1.17829895019531	1.1783504486084
105	0.727773010730743	0.926777780056	1.1783504486084	1.17840206623077
106	0.727856338024139	0.926777780056	1.17840194702148	1.17845344543457
107	0.727939665317535	0.926777780056	1.17845344543457	1.17850494384766
108	0.728023052215576	0.926777780056	1.17850494384766	1.17855644226074
109	0.728106319904327	0.926777780056	1.17855632305145	1.17860782146454
110	0.728189647197723	0.926777780056	1.17860782146454	1.17865931987762
111	0.728272914886475	0.926777780056	1.17865931987762	1.17871081829071
112	0.728356122970581	0.926777780056	1.17871081829071	1.17876219749451
113	0.728439390659332	0.926777780056	1.17876219749451	1.1788135766983
114	0.728522598743439	0.926777780056	1.1788135766983	1.17886507511139
115	0.728605806827545	0.926777780056	1.17886507511139	1.17891645431519
116	0.728689014911652	0.926777780056	1.17891645431519	1.17896783351898
117	0.728772163391113	0.926777780056	1.17896783351898	1.17901933193207
118	0.72885537147522	0.926777780056	1.17901933193207	1.17907071113586
119	0.728938519954681	0.926777780056	1.17907071113586	1.17912209033966
120	0.729021668434143	0.926777780056	1.17912209033966	1.17917346954346
121	0.72910475730896	0.926777780056	1.17917346954346	1.17922484874725
122	0.729187846183777	0.926777780056	1.17922484874725	1.17927622795105
123	0.729270994663239	0.926777780056	1.17927622795105	1.17932772636414
124	0.729354023933411	0.926777780056	1.17932772636414	1.17937898635864
125	0.729437112808228	0.926777780056	1.17937898635864	1.17943036556244
126	0.7295201420784	0.926777780056	1.17943036556244	1.17948174476624
127	0.729603171348572	0.926777780056	1.17948174476624	1.17953312397003
128	0.729686200618744	0.926777780056	1.17953300476074	1.17958450317383
129	0.729769170284271	0.926777780056	1.17958450317383	1.17963576316833
130	0.729852139949799	0.926777780056	1.17963576316833	1.17968714237213
131	0.729935109615326	0.926777780056	1.17968714237213	1.17973840236664
132	0.730018019676209	0.926777780056	1.17973840236664	1.17978978157043
133	0.730100989341736	0.926777780056	1.17978978157043	1.17984104156494
134	0.730183959007263	0.926777780056	1.17984104156494	1.17989242076874
135	0.730266809463501	0.926777780056	1.17989242076874	1.17994368076324
136	0.730349719524384	0.926777780056	1.17994368076324	1.17999505996704
137	0.730432569980621	0.926777780056	1.17999505996704	1.18004631996155
138	0.730515480041504	0.926777780056	1.18004631996155	1.18009757995605
139	0.730598270893097	0.926777780056	1.18009757995605	1.18014883995056
140	0.730681121349335	0.926777780056	1.18014883995056	1.18020021915436
141	0.730763912200928	0.926777780056	1.18020009994507	1.18025147914886
142	0.730846703052521	0.926777780056	1.18025147914886	1.18030261993408
143	0.730929493904114	0.926777780056	1.18030261993408	1.18035399913788
144	0.731012284755707	0.926777780056	1.18035399913788	1.1804051399231
145	0.731095016002655	0.926777780056	1.1804051399231	1.1804563999176
146	0.731177747249603	0.926777780056	1.1804563999176	1.18050765991211
147	0.731260478496552	0.926777780056	1.18050765991211	1.18055891990662
148	0.7313432097435	0.926777780056	1.18055891990662	1.18061017990112
149	0.731425821781158	0.926777780056	1.18061006069183	1.18066132068634
150	0.731508493423462	0.926777780056	1.18066132068634	1.18071258068085
151	0.731591165065765	0.926777780056	1.18071258068085	1.18076372146606
152	0.731673836708069	0.926777780056	1.18076372146606	1.18081498146057
153	0.731756448745728	0.926777780056	1.18081498146057	1.18086624145508
154	0.731839060783386	0.926777780056	1.18086624145508	1.1809173822403
155	0.731921672821045	0.926777780056	1.1809173822403	1.18096852302551
156	0.732004225254059	0.926777780056	1.18096852302551	1.18101978302002
157	0.732086777687073	0.926777780056	1.18101978302002	1.18107092380524
158	0.732169330120087	0.926777780056	1.18107092380524	1.18112206459045
159	0.732251882553101	0.926777780056	1.18112206459045	1.18117320537567
160	0.73233437538147	0.926777780056	1.18117320537567	1.18122434616089
161	0.732416927814484	0.926777780056	1.18122434616089	1.18127548694611
162	0.732499361038208	0.926777780056	1.18127548694611	1.18132662773132
163	0.732581853866577	0.926777780056	1.18132662773132	1.18137788772583
164	0.732664287090302	0.926777780056	1.18137776851654	1.18142902851105
165	0.732746779918671	0.926777780056	1.18142902851105	1.18148016929626
166	0.73282915353775	0.926777780056	1.18148005008698	1.18153119087219
167	0.73291152715683	0.926777780056	1.18153119087219	1.18158233165741
168	0.732994019985199	0.926777780056	1.18158233165741	1.18163335323334
169	0.733076333999634	0.926777780056	1.18163335323334	1.18168449401855
170	0.733158707618713	0.926777780056	1.18168449401855	1.18173563480377
171	0.733241021633148	0.926777780056	1.18173551559448	1.1817866563797
172	0.733323395252228	0.926777780056	1.1817866563797	1.18183779716492
173	0.733405709266663	0.926777780056	1.18183767795563	1.18188881874084
174	0.733488023281097	0.926777780056	1.18188881874084	1.18193984031677
